0 2023 1 265
0 2023 1 183
1 2023 1 196
1 2023 1 216
2 2023 1 126
2 2023 1 148
3 2023 1 168
3 2023 1 155
4 2023 1 161
4 2023 1 156
5 2023 1 138
5 2023 1 126
6 2023 1 100
6 2023 1 90
6 2023 1 83
7 2023 1 95
7 2023 1 84
8 2023 1 142
8 2023 1 145
9 2023 1 157
9 2023 1 156
10 2023 1 163
10 2023 1 188
11 2023 1 166
11 2023 1 198
11 2023 1 184
0 2024 1 222
0 2024 1 193
1 2024 1 162
1 2024 1 208
2 2024 1 130
2 2024 1 131
3 2024 1 145
3 2024 1 151
4 2024 1 137
4 2024 1 133
5 2024 1 135
5 2024 1 101
5 2024 1 119
6 2024 1 88
6 2024 1 79
7 2024 1 68
7 2024 1 85
8 2024 1 168
8 2024 1 173
9 2024 1 185
9 2024 1 148
10 2024 1 192
10 2024 1 192
11 2024 1 169
11 2024 1 230
11 2024 1 180
0 2023 1 517
0 2023 1 425
1 2023 1 420
1 2023 1 438
2 2023 1 309
2 2023 1 329
3 2023 1 274
3 2023 1 320
4 2023 1 304
4 2023 1 287
5 2023 1 246
5 2023 1 209
6 2023 1 187
6 2023 1 214
6 2023 1 183
7 2023 1 169
7 2023 1 181
8 2023 1 357
8 2023 1 337
9 2023 1 349
9 2023 1 347
10 2023 1 331
10 2023 1 350
11 2023 1 399
11 2023 1 399
11 2023 1 418
0 2024 1 423
0 2024 1 457
1 2024 1 445
1 2024 1 419
2 2024 1 317
2 2024 1 310
3 2024 1 289
3 2024 1 310
4 2024 1 322
4 2024 1 287
5 2024 1 311
5 2024 1 208
5 2024 1 189
6 2024 1 178
6 2024 1 210
7 2024 1 207
7 2024 1 193
8 2024 1 258
8 2024 1 347
9 2024 1 355
9 2024 1 377
10 2024 1 294
10 2024 1 320
11 2024 1 377
11 2024 1 427
11 2024 1 404
0 2023 1 481
0 2023 1 433
0 2023 1 481
0 2023 1 433
1 2023 1 411
1 2023 1 431
2 2023 1 309
2 2023 1 350
3 2023 1 323
0 2023 1 481
0 2023 1 433
1 2023 1 411
1 2023 1 431
2 2023 1 309
2 2023 1 350
3 2023 1 323
0 2023 1 481
0 2023 1 433
1 2023 1 411
1 2023 1 431
2 2023 1 309
2 2023 1 350
3 2023 1 323
3 2023 1 307
0 2023 1 481
0 2023 1 433
1 2023 1 411
1 2023 1 431
2 2023 1 309
2 2023 1 350
3 2023 1 323
3 2023 1 307
4 2023 1 321
4 2023 1 283
5 2023 1 285
5 2023 1 207
6 2023 1 165
6 2023 1 204
6 2023 1 176
7 2023 1 181
7 2023 1 178
8 2023 1 348
8 2023 1 330
9 2023 1 364
9 2023 1 387
10 2023 1 340
10 2023 1 335
11 2023 1 403
11 2023 1 379
11 2023 1 455
0 2024 1 410
0 2024 1 478
1 2024 1 439
1 2024 1 426
2 2024 1 330
2 2024 1 270
3 2024 1 244
3 2024 1 249
4 2024 1 283
4 2024 1 299
5 2024 1 320
5 2024 1 199
5 2024 1 183
6 2024 1 194
6 2024 1 199
7 2024 1 201
7 2024 1 206
8 2024 1 276
8 2024 1 380
9 2024 1 355
9 2024 1 370
10 2024 1 365
10 2024 1 361
11 2024 1 394
11 2024 1 450
11 2024 1 451
0 2023 1 481
0 2023 1 433
1 2023 1 411
1 2023 1 431
2 2023 1 309
2 2023 1 350
3 2023 1 323
3 2023 1 307
4 2023 1 321
4 2023 1 283
5 2023 1 285
5 2023 1 207
6 2023 1 165
6 2023 1 204
6 2023 1 176
7 2023 1 181
7 2023 1 178
8 2023 1 348
8 2023 1 330
9 2023 1 364
9 2023 1 387
10 2023 1 340
10 2023 1 335
11 2023 1 403
11 2023 1 379
11 2023 1 455
0 2024 1 410
0 2024 1 478
1 2024 1 439
1 2024 1 426
2 2024 1 330
2 2024 1 270
3 2024 1 244
3 2024 1 249
4 2024 1 283
4 2024 1 299
5 2024 1 320
5 2024 1 199
5 2024 1 183
6 2024 1 194
6 2024 1 199
7 2024 1 201
7 2024 1 206
8 2024 1 276
8 2024 1 380
9 2024 1 355
9 2024 1 370
10 2024 1 365
10 2024 1 361
11 2024 1 394
11 2024 1 450
11 2024 1 451
0 2023 1 481
0 2023 1 433
1 2023 1 411
1 2023 1 431
2 2023 1 309
2 2023 1 350
3 2023 1 323
3 2023 1 307
4 2023 1 321
4 2023 1 283
5 2023 1 285
5 2023 1 207
6 2023 1 165
6 2023 1 204
6 2023 1 176
7 2023 1 181
7 2023 1 178
8 2023 1 348
8 2023 1 330
9 2023 1 364
9 2023 1 387
10 2023 1 340
10 2023 1 335
11 2023 1 403
11 2023 1 379
11 2023 1 455
0 2024 1 410
0 2024 1 478
1 2024 1 439
1 2024 1 426
2 2024 1 330
2 2024 1 270
3 2024 1 244
3 2024 1 249
4 2024 1 283
4 2024 1 299
5 2024 1 320
5 2024 1 199
5 2024 1 183
6 2024 1 194
6 2024 1 199
7 2024 1 201
7 2024 1 206
8 2024 1 276
8 2024 1 380
9 2024 1 355
9 2024 1 370
10 2024 1 365
10 2024 1 361
11 2024 1 394
11 2024 1 450
11 2024 1 451
0 2023 1 481
0 2023 1 433
1 2023 1 411
1 2023 1 431
2 2023 1 309
2 2023 1 350
3 2023 1 323
3 2023 1 307
4 2023 1 321
4 2023 1 283
5 2023 1 285
5 2023 1 207
6 2023 1 165
6 2023 1 204
6 2023 1 176
7 2023 1 181
7 2023 1 178
8 2023 1 348
8 2023 1 330
9 2023 1 364
9 2023 1 387
10 2023 1 340
10 2023 1 335
11 2023 1 403
11 2023 1 379
11 2023 1 455
0 2024 1 410
0 2024 1 478
1 2024 1 439
1 2024 1 426
2 2024 1 330
2 2024 1 270
3 2024 1 244
3 2024 1 249
4 2024 1 283
4 2024 1 299
5 2024 1 320
5 2024 1 199
5 2024 1 183
6 2024 1 194
6 2024 1 199
7 2024 1 201
7 2024 1 206
8 2024 1 276
8 2024 1 380
9 2024 1 355
9 2024 1 370
10 2024 1 365
10 2024 1 361
11 2024 1 394
11 2024 1 450
11 2024 1 451
0 2023 1 481
0 2023 1 433
1 2023 1 411
1 2023 1 431
2 2023 1 309
2 2023 1 350
3 2023 1 323
3 2023 1 307
4 2023 1 321
4 2023 1 283
5 2023 1 285
5 2023 1 207
6 2023 1 165
6 2023 1 204
6 2023 1 176
7 2023 1 181
7 2023 1 178
8 2023 1 348
8 2023 1 330
9 2023 1 364
9 2023 1 387
10 2023 1 340
10 2023 1 335
11 2023 1 403
11 2023 1 379
11 2023 1 455
0 2024 1 410
0 2024 1 478
1 2024 1 439
1 2024 1 426
2 2024 1 330
2 2024 1 270
3 2024 1 244
3 2024 1 249
4 2024 1 283
4 2024 1 299
5 2024 1 320
5 2024 1 199
5 2024 1 183
6 2024 1 194
6 2024 1 199
7 2024 1 201
7 2024 1 206
8 2024 1 276
8 2024 1 380
9 2024 1 355
9 2024 1 370
10 2024 1 365
10 2024 1 361
11 2024 1 394
11 2024 1 450
11 2024 1 451
0 2019 3 481
0 2019 3 433
1 2019 3 411
1 2019 3 431
2 2019 3 309
2 2019 3 350
3 2019 3 323
3 2019 3 307
4 2019 3 314
4 2019 3 284
5 2019 3 310
5 2019 3 193
6 2019 3 165
6 2019 3 200
6 2019 3 176
7 2019 3 181
7 2019 3 178
8 2019 3 348
8 2019 3 330
9 2019 3 364
9 2019 3 321
10 2019 3 361
10 2019 3 376
11 2019 3 403
11 2019 3 396
11 2019 3 424
0 2020 3 390
0 2020 3 462
1 2020 3 419
1 2020 3 401
2 2020 3 325
2 2020 3 304
3 2020 3 300
3 2020 3 312
4 2020 3 326
4 2020 3 278
5 2020 3 299
5 2020 3 178
5 2020 3 213
6 2020 3 179
6 2020 3 233
7 2020 3 213
7 2020 3 208
8 2020 3 316
8 2020 3 388
9 2020 3 368
9 2020 3 392
10 2020 3 353
10 2020 3 370
11 2020 3 371
11 2020 3 473
11 2020 3 435
0 2021 3 417
0 2021 3 423
1 2021 3 430
1 2021 3 444
2 2021 3 395
2 2021 3 334
3 2021 3 298
3 2021 3 319
4 2021 3 296
4 2021 3 289
5 2021 3 325
5 2021 3 187
5 2021 3 215
6 2021 3 201
6 2021 3 209
7 2021 3 211
7 2021 3 207
8 2021 3 292
8 2021 3 408
9 2021 3 390
9 2021 3 410
10 2021 3 381
10 2021 3 357
10 2021 3 325
11 2021 3 427
11 2021 3 409
0 2022 3 375
0 2022 3 468
1 2022 3 420
1 2022 3 392
2 2022 3 359
2 2022 3 286
3 2022 3 328
3 2022 3 294
4 2022 3 350
0 2020 4 481
0 2020 4 433
1 2020 4 411
1 2020 4 431
2 2020 4 309
2 2020 4 350
3 2020 4 323
3 2020 4 307
4 2020 4 314
4 2020 4 284
5 2020 4 310
5 2020 4 193
6 2020 4 165
6 2020 4 200
6 2020 4 176
7 2020 4 181
7 2020 4 178
8 2020 4 348
8 2020 4 330
9 2020 4 364
9 2020 4 321
10 2020 4 361
10 2020 4 376
11 2020 4 392
11 2020 4 442
11 2020 4 419
0 2021 4 425
0 2021 4 448
1 2021 4 412
1 2021 4 439
2 2021 4 335
2 2021 4 289
3 2021 4 305
3 2021 4 267
4 2021 4 314
4 2021 4 331
5 2021 4 335
5 2021 4 170
5 2021 4 223
6 2021 4 190
6 2021 4 196
7 2021 4 200
7 2021 4 196
8 2021 4 306
8 2021 4 351
9 2021 4 388
9 2021 4 363
10 2021 4 354
10 2021 4 340
11 2021 4 365
11 2021 4 411
11 2021 4 411
0 2022 4 418
0 2022 4 440
1 2022 4 407
1 2022 4 401
2 2022 4 336
2 2022 4 319
3 2022 4 364
3 2022 4 330
4 2022 4 334
4 2022 4 323
5 2022 4 294
5 2022 4 201
5 2022 4 179
6 2022 4 218
6 2022 4 195
7 2022 4 197
7 2022 4 186
8 2022 4 317
8 2022 4 323
9 2022 4 403
9 2022 4 369
10 2022 4 360
10 2022 4 381
10 2022 4 371
11 2022 4 433
11 2022 4 418
0 2020 4 481
0 2020 4 433
1 2020 4 411
1 2020 4 431
2 2020 4 309
2 2020 4 350
3 2020 4 323
3 2020 4 307
4 2020 4 314
4 2020 4 284
5 2020 4 310
5 2020 4 193
6 2020 4 165
6 2020 4 200
6 2020 4 176
7 2020 4 181
7 2020 4 178
8 2020 4 348
8 2020 4 330
9 2020 4 364
9 2020 4 321
10 2020 4 361
10 2020 4 376
11 2020 4 392
11 2020 4 442
11 2020 4 419
0 2021 4 425
0 2021 4 448
1 2021 4 412
1 2021 4 439
2 2021 4 335
2 2021 4 289
3 2021 4 305
3 2021 4 267
4 2021 4 314
4 2021 4 331
5 2021 4 335
5 2021 4 170
5 2021 4 223
6 2021 4 190
6 2021 4 196
7 2021 4 200
7 2021 4 196
8 2021 4 306
8 2021 4 351
9 2021 4 388
9 2021 4 363
10 2021 4 354
10 2021 4 340
11 2021 4 365
11 2021 4 411
11 2021 4 411
0 2022 4 418
0 2022 4 440
1 2022 4 407
1 2022 4 401
2 2022 4 336
2 2022 4 319
3 2022 4 364
3 2022 4 330
4 2022 4 334
4 2022 4 323
5 2022 4 294
5 2022 4 201
5 2022 4 179
6 2022 4 218
6 2022 4 195
7 2022 4 197
7 2022 4 186
8 2022 4 317
8 2022 4 323
9 2022 4 403
9 2022 4 369
10 2022 4 360
10 2022 4 381
10 2022 4 371
11 2022 4 433
11 2022 4 418
0 2020 4 481
0 2020 4 433
1 2020 4 411
1 2020 4 431
2 2020 4 309
2 2020 4 350
3 2020 4 323
3 2020 4 307
4 2020 4 314
4 2020 4 284
5 2020 4 310
5 2020 4 193
6 2020 4 165
6 2020 4 200
6 2020 4 176
7 2020 4 181
7 2020 4 178
8 2020 4 348
8 2020 4 330
9 2020 4 364
9 2020 4 321
10 2020 4 361
10 2020 4 376
11 2020 4 392
11 2020 4 442
11 2020 4 419
0 2021 4 425
0 2021 4 448
1 2021 4 412
1 2021 4 439
2 2021 4 335
2 2021 4 289
3 2021 4 305
3 2021 4 267
4 2021 4 314
4 2021 4 331
5 2021 4 335
5 2021 4 170
5 2021 4 223
6 2021 4 190
6 2021 4 196
7 2021 4 200
7 2021 4 196
8 2021 4 306
8 2021 4 351
9 2021 4 388
9 2021 4 363
10 2021 4 354
10 2021 4 340
11 2021 4 365
11 2021 4 411
11 2021 4 411
0 2022 4 418
0 2022 4 440
1 2022 4 407
1 2022 4 401
2 2022 4 336
2 2022 4 319
3 2022 4 364
3 2022 4 330
4 2022 4 334
4 2022 4 323
5 2022 4 294
5 2022 4 201
5 2022 4 179
6 2022 4 218
6 2022 4 195
7 2022 4 197
7 2022 4 186
8 2022 4 317
8 2022 4 323
9 2022 4 403
9 2022 4 369
10 2022 4 360
10 2022 4 381
10 2022 4 371
11 2022 4 433
11 2022 4 418
0 2020 4 481
0 2020 4 433
1 2020 4 411
1 2020 4 431
2 2020 4 309
2 2020 4 350
3 2020 4 323
3 2020 4 307
4 2020 4 314
4 2020 4 284
5 2020 4 310
5 2020 4 193
6 2020 4 165
6 2020 4 200
6 2020 4 176
7 2020 4 181
7 2020 4 178
8 2020 4 348
8 2020 4 330
9 2020 4 364
9 2020 4 321
10 2020 4 361
10 2020 4 376
11 2020 4 392
11 2020 4 442
11 2020 4 419
0 2021 4 425
0 2021 4 448
1 2021 4 412
1 2021 4 439
2 2021 4 335
2 2021 4 289
3 2021 4 305
3 2021 4 267
4 2021 4 314
4 2021 4 331
5 2021 4 335
5 2021 4 170
5 2021 4 223
6 2021 4 190
6 2021 4 196
7 2021 4 200
7 2021 4 196
8 2021 4 306
8 2021 4 351
9 2021 4 388
9 2021 4 363
10 2021 4 354
10 2021 4 340
11 2021 4 365
11 2021 4 411
11 2021 4 411
0 2022 4 418
0 2022 4 440
1 2022 4 407
1 2022 4 401
2 2022 4 336
2 2022 4 319
3 2022 4 364
3 2022 4 330
4 2022 4 334
4 2022 4 323
5 2022 4 294
5 2022 4 201
5 2022 4 179
6 2022 4 218
6 2022 4 195
7 2022 4 197
7 2022 4 186
8 2022 4 317
8 2022 4 323
9 2022 4 403
9 2022 4 369
10 2022 4 360
10 2022 4 381
10 2022 4 371
11 2022 4 433
11 2022 4 418
